(48 0
((0,0,0) (127,127,95) (0,0,0))
((128,0,0) (255,127,95) (0,0,0))
((256,0,0) (383,127,95) (0,0,0))
((384,0,0) (511,127,95) (0,0,0))
((512,0,0) (639,127,95) (0,0,0))
((640,0,0) (767,127,95) (0,0,0))
((768,0,0) (895,127,95) (0,0,0))
((896,0,0) (1023,127,95) (0,0,0))
((0,128,0) (127,255,95) (0,0,0))
((128,128,0) (255,255,95) (0,0,0))
((256,128,0) (383,255,95) (0,0,0))
((384,128,0) (511,255,95) (0,0,0))
((512,128,0) (639,255,95) (0,0,0))
((640,128,0) (767,255,95) (0,0,0))
((768,128,0) (895,255,95) (0,0,0))
((896,128,0) (1023,255,95) (0,0,0))
((0,256,0) (127,383,95) (0,0,0))
((128,256,0) (255,383,95) (0,0,0))
((256,256,0) (383,383,95) (0,0,0))
((384,256,0) (511,383,95) (0,0,0))
((512,256,0) (639,383,95) (0,0,0))
((640,256,0) (767,383,95) (0,0,0))
((768,256,0) (895,383,95) (0,0,0))
((896,256,0) (1023,383,95) (0,0,0))
((0,384,0) (127,511,95) (0,0,0))
((128,384,0) (255,511,95) (0,0,0))
((256,384,0) (383,511,95) (0,0,0))
((384,384,0) (511,511,95) (0,0,0))
((512,384,0) (639,511,95) (0,0,0))
((640,384,0) (767,511,95) (0,0,0))
((768,384,0) (895,511,95) (0,0,0))
((896,384,0) (1023,511,95) (0,0,0))
((0,512,0) (127,639,95) (0,0,0))
((128,512,0) (255,639,95) (0,0,0))
((256,512,0) (383,639,95) (0,0,0))
((384,512,0) (511,639,95) (0,0,0))
((512,512,0) (639,639,95) (0,0,0))
((640,512,0) (767,639,95) (0,0,0))
((768,512,0) (895,639,95) (0,0,0))
((896,512,0) (1023,639,95) (0,0,0))
((0,640,0) (127,767,95) (0,0,0))
((128,640,0) (255,767,95) (0,0,0))
((256,640,0) (383,767,95) (0,0,0))
((384,640,0) (511,767,95) (0,0,0))
((512,640,0) (639,767,95) (0,0,0))
((640,640,0) (767,767,95) (0,0,0))
((768,640,0) (895,767,95) (0,0,0))
((896,640,0) (1023,767,95) (0,0,0))
)