(280 0
((64,160,0) (191,287,79) (0,0,0))
((192,160,0) (319,287,79) (0,0,0))
((320,160,0) (447,287,79) (0,0,0))
((448,160,0) (575,287,79) (0,0,0))
((576,160,0) (703,287,79) (0,0,0))
((704,160,0) (831,287,79) (0,0,0))
((832,160,0) (959,287,79) (0,0,0))
((960,160,0) (1087,287,79) (0,0,0))
((1088,160,0) (1215,287,79) (0,0,0))
((1216,160,0) (1343,287,79) (0,0,0))
((1344,160,0) (1471,287,79) (0,0,0))
((1472,160,0) (1599,287,79) (0,0,0))
((1600,160,0) (1727,287,79) (0,0,0))
((1728,160,0) (1823,287,79) (0,0,0))
((64,288,0) (191,415,79) (0,0,0))
((192,288,0) (319,415,79) (0,0,0))
((320,288,0) (447,415,79) (0,0,0))
((448,288,0) (575,415,79) (0,0,0))
((576,288,0) (703,415,79) (0,0,0))
((704,288,0) (831,415,79) (0,0,0))
((832,288,0) (959,415,79) (0,0,0))
((960,288,0) (1087,415,79) (0,0,0))
((1088,288,0) (1215,415,79) (0,0,0))
((1216,288,0) (1343,415,79) (0,0,0))
((1344,288,0) (1471,415,79) (0,0,0))
((1472,288,0) (1599,415,79) (0,0,0))
((1600,288,0) (1727,415,79) (0,0,0))
((1728,288,0) (1823,415,79) (0,0,0))
((64,416,0) (191,543,79) (0,0,0))
((192,416,0) (319,543,79) (0,0,0))
((320,416,0) (447,543,79) (0,0,0))
((448,416,0) (575,543,79) (0,0,0))
((576,416,0) (703,543,79) (0,0,0))
((704,416,0) (831,543,79) (0,0,0))
((832,416,0) (959,543,79) (0,0,0))
((960,416,0) (1087,543,79) (0,0,0))
((1088,416,0) (1215,543,79) (0,0,0))
((1216,416,0) (1343,543,79) (0,0,0))
((1344,416,0) (1471,543,79) (0,0,0))
((1472,416,0) (1599,543,79) (0,0,0))
((1600,416,0) (1727,543,79) (0,0,0))
((1728,416,0) (1823,543,79) (0,0,0))
((64,544,0) (191,671,79) (0,0,0))
((192,544,0) (319,671,79) (0,0,0))
((320,544,0) (447,671,79) (0,0,0))
((448,544,0) (575,671,79) (0,0,0))
((576,544,0) (703,671,79) (0,0,0))
((704,544,0) (831,671,79) (0,0,0))
((832,544,0) (959,671,79) (0,0,0))
((960,544,0) (1087,671,79) (0,0,0))
((1088,544,0) (1215,671,79) (0,0,0))
((1216,544,0) (1343,671,79) (0,0,0))
((1344,544,0) (1471,671,79) (0,0,0))
((1472,544,0) (1599,671,79) (0,0,0))
((1600,544,0) (1727,671,79) (0,0,0))
((1728,544,0) (1823,671,79) (0,0,0))
((64,672,0) (191,799,79) (0,0,0))
((192,672,0) (319,799,79) (0,0,0))
((320,672,0) (447,799,79) (0,0,0))
((448,672,0) (575,799,79) (0,0,0))
((576,672,0) (703,799,79) (0,0,0))
((704,672,0) (831,799,79) (0,0,0))
((832,672,0) (959,799,79) (0,0,0))
((960,672,0) (1087,799,79) (0,0,0))
((1088,672,0) (1215,799,79) (0,0,0))
((1216,672,0) (1343,799,79) (0,0,0))
((1344,672,0) (1471,799,79) (0,0,0))
((1472,672,0) (1599,799,79) (0,0,0))
((1600,672,0) (1727,799,79) (0,0,0))
((1728,672,0) (1823,799,79) (0,0,0))
((64,800,0) (191,927,79) (0,0,0))
((192,800,0) (319,927,79) (0,0,0))
((320,800,0) (447,927,79) (0,0,0))
((448,800,0) (575,927,79) (0,0,0))
((576,800,0) (703,927,79) (0,0,0))
((704,800,0) (831,927,79) (0,0,0))
((832,800,0) (959,927,79) (0,0,0))
((960,800,0) (1087,927,79) (0,0,0))
((1088,800,0) (1215,927,79) (0,0,0))
((1216,800,0) (1343,927,79) (0,0,0))
((1344,800,0) (1471,927,79) (0,0,0))
((1472,800,0) (1599,927,79) (0,0,0))
((1600,800,0) (1727,927,79) (0,0,0))
((1728,800,0) (1823,927,79) (0,0,0))
((64,928,0) (191,1055,79) (0,0,0))
((192,928,0) (319,1055,79) (0,0,0))
((320,928,0) (447,1055,79) (0,0,0))
((448,928,0) (575,1055,79) (0,0,0))
((576,928,0) (703,1055,79) (0,0,0))
((704,928,0) (831,1055,79) (0,0,0))
((832,928,0) (959,1055,79) (0,0,0))
((960,928,0) (1087,1055,79) (0,0,0))
((1088,928,0) (1215,1055,79) (0,0,0))
((1216,928,0) (1343,1055,79) (0,0,0))
((1344,928,0) (1471,1055,79) (0,0,0))
((1472,928,0) (1599,1055,79) (0,0,0))
((1600,928,0) (1727,1055,79) (0,0,0))
((1728,928,0) (1823,1055,79) (0,0,0))
((64,1056,0) (191,1183,79) (0,0,0))
((192,1056,0) (319,1183,79) (0,0,0))
((320,1056,0) (447,1183,79) (0,0,0))
((448,1056,0) (575,1183,79) (0,0,0))
((576,1056,0) (703,1183,79) (0,0,0))
((704,1056,0) (831,1183,79) (0,0,0))
((832,1056,0) (959,1183,79) (0,0,0))
((960,1056,0) (1087,1183,79) (0,0,0))
((1088,1056,0) (1215,1183,79) (0,0,0))
((1216,1056,0) (1343,1183,79) (0,0,0))
((1344,1056,0) (1471,1183,79) (0,0,0))
((1472,1056,0) (1599,1183,79) (0,0,0))
((1600,1056,0) (1727,1183,79) (0,0,0))
((1728,1056,0) (1823,1183,79) (0,0,0))
((64,1184,0) (191,1311,79) (0,0,0))
((192,1184,0) (319,1311,79) (0,0,0))
((320,1184,0) (447,1311,79) (0,0,0))
((448,1184,0) (575,1311,79) (0,0,0))
((576,1184,0) (703,1311,79) (0,0,0))
((704,1184,0) (831,1311,79) (0,0,0))
((832,1184,0) (959,1311,79) (0,0,0))
((960,1184,0) (1087,1311,79) (0,0,0))
((1088,1184,0) (1215,1311,79) (0,0,0))
((1216,1184,0) (1343,1311,79) (0,0,0))
((1344,1184,0) (1471,1311,79) (0,0,0))
((1472,1184,0) (1599,1311,79) (0,0,0))
((1600,1184,0) (1727,1311,79) (0,0,0))
((1728,1184,0) (1823,1311,79) (0,0,0))
((64,1312,0) (191,1375,79) (0,0,0))
((192,1312,0) (319,1375,79) (0,0,0))
((320,1312,0) (447,1375,79) (0,0,0))
((448,1312,0) (575,1375,79) (0,0,0))
((576,1312,0) (703,1375,79) (0,0,0))
((704,1312,0) (831,1375,79) (0,0,0))
((832,1312,0) (959,1375,79) (0,0,0))
((960,1312,0) (1087,1375,79) (0,0,0))
((1088,1312,0) (1215,1375,79) (0,0,0))
((1216,1312,0) (1343,1375,79) (0,0,0))
((1344,1312,0) (1471,1375,79) (0,0,0))
((1472,1312,0) (1599,1375,79) (0,0,0))
((1600,1312,0) (1727,1375,79) (0,0,0))
((1728,1312,0) (1823,1375,79) (0,0,0))
((64,160,80) (191,287,143) (0,0,0))
((192,160,80) (319,287,143) (0,0,0))
((320,160,80) (447,287,143) (0,0,0))
((448,160,80) (575,287,143) (0,0,0))
((576,160,80) (703,287,143) (0,0,0))
((704,160,80) (831,287,143) (0,0,0))
((832,160,80) (959,287,143) (0,0,0))
((960,160,80) (1087,287,143) (0,0,0))
((1088,160,80) (1215,287,143) (0,0,0))
((1216,160,80) (1343,287,143) (0,0,0))
((1344,160,80) (1471,287,143) (0,0,0))
((1472,160,80) (1599,287,143) (0,0,0))
((1600,160,80) (1727,287,143) (0,0,0))
((1728,160,80) (1823,287,143) (0,0,0))
((64,288,80) (191,415,143) (0,0,0))
((192,288,80) (319,415,143) (0,0,0))
((320,288,80) (447,415,143) (0,0,0))
((448,288,80) (575,415,143) (0,0,0))
((576,288,80) (703,415,143) (0,0,0))
((704,288,80) (831,415,143) (0,0,0))
((832,288,80) (959,415,143) (0,0,0))
((960,288,80) (1087,415,143) (0,0,0))
((1088,288,80) (1215,415,143) (0,0,0))
((1216,288,80) (1343,415,143) (0,0,0))
((1344,288,80) (1471,415,143) (0,0,0))
((1472,288,80) (1599,415,143) (0,0,0))
((1600,288,80) (1727,415,143) (0,0,0))
((1728,288,80) (1823,415,143) (0,0,0))
((64,416,80) (191,543,143) (0,0,0))
((192,416,80) (319,543,143) (0,0,0))
((320,416,80) (447,543,143) (0,0,0))
((448,416,80) (575,543,143) (0,0,0))
((576,416,80) (703,543,143) (0,0,0))
((704,416,80) (831,543,143) (0,0,0))
((832,416,80) (959,543,143) (0,0,0))
((960,416,80) (1087,543,143) (0,0,0))
((1088,416,80) (1215,543,143) (0,0,0))
((1216,416,80) (1343,543,143) (0,0,0))
((1344,416,80) (1471,543,143) (0,0,0))
((1472,416,80) (1599,543,143) (0,0,0))
((1600,416,80) (1727,543,143) (0,0,0))
((1728,416,80) (1823,543,143) (0,0,0))
((64,544,80) (191,671,143) (0,0,0))
((192,544,80) (319,671,143) (0,0,0))
((320,544,80) (447,671,143) (0,0,0))
((448,544,80) (575,671,143) (0,0,0))
((576,544,80) (703,671,143) (0,0,0))
((704,544,80) (831,671,143) (0,0,0))
((832,544,80) (959,671,143) (0,0,0))
((960,544,80) (1087,671,143) (0,0,0))
((1088,544,80) (1215,671,143) (0,0,0))
((1216,544,80) (1343,671,143) (0,0,0))
((1344,544,80) (1471,671,143) (0,0,0))
((1472,544,80) (1599,671,143) (0,0,0))
((1600,544,80) (1727,671,143) (0,0,0))
((1728,544,80) (1823,671,143) (0,0,0))
((64,672,80) (191,799,143) (0,0,0))
((192,672,80) (319,799,143) (0,0,0))
((320,672,80) (447,799,143) (0,0,0))
((448,672,80) (575,799,143) (0,0,0))
((576,672,80) (703,799,143) (0,0,0))
((704,672,80) (831,799,143) (0,0,0))
((832,672,80) (959,799,143) (0,0,0))
((960,672,80) (1087,799,143) (0,0,0))
((1088,672,80) (1215,799,143) (0,0,0))
((1216,672,80) (1343,799,143) (0,0,0))
((1344,672,80) (1471,799,143) (0,0,0))
((1472,672,80) (1599,799,143) (0,0,0))
((1600,672,80) (1727,799,143) (0,0,0))
((1728,672,80) (1823,799,143) (0,0,0))
((64,800,80) (191,927,143) (0,0,0))
((192,800,80) (319,927,143) (0,0,0))
((320,800,80) (447,927,143) (0,0,0))
((448,800,80) (575,927,143) (0,0,0))
((576,800,80) (703,927,143) (0,0,0))
((704,800,80) (831,927,143) (0,0,0))
((832,800,80) (959,927,143) (0,0,0))
((960,800,80) (1087,927,143) (0,0,0))
((1088,800,80) (1215,927,143) (0,0,0))
((1216,800,80) (1343,927,143) (0,0,0))
((1344,800,80) (1471,927,143) (0,0,0))
((1472,800,80) (1599,927,143) (0,0,0))
((1600,800,80) (1727,927,143) (0,0,0))
((1728,800,80) (1823,927,143) (0,0,0))
((64,928,80) (191,1055,143) (0,0,0))
((192,928,80) (319,1055,143) (0,0,0))
((320,928,80) (447,1055,143) (0,0,0))
((448,928,80) (575,1055,143) (0,0,0))
((576,928,80) (703,1055,143) (0,0,0))
((704,928,80) (831,1055,143) (0,0,0))
((832,928,80) (959,1055,143) (0,0,0))
((960,928,80) (1087,1055,143) (0,0,0))
((1088,928,80) (1215,1055,143) (0,0,0))
((1216,928,80) (1343,1055,143) (0,0,0))
((1344,928,80) (1471,1055,143) (0,0,0))
((1472,928,80) (1599,1055,143) (0,0,0))
((1600,928,80) (1727,1055,143) (0,0,0))
((1728,928,80) (1823,1055,143) (0,0,0))
((64,1056,80) (191,1183,143) (0,0,0))
((192,1056,80) (319,1183,143) (0,0,0))
((320,1056,80) (447,1183,143) (0,0,0))
((448,1056,80) (575,1183,143) (0,0,0))
((576,1056,80) (703,1183,143) (0,0,0))
((704,1056,80) (831,1183,143) (0,0,0))
((832,1056,80) (959,1183,143) (0,0,0))
((960,1056,80) (1087,1183,143) (0,0,0))
((1088,1056,80) (1215,1183,143) (0,0,0))
((1216,1056,80) (1343,1183,143) (0,0,0))
((1344,1056,80) (1471,1183,143) (0,0,0))
((1472,1056,80) (1599,1183,143) (0,0,0))
((1600,1056,80) (1727,1183,143) (0,0,0))
((1728,1056,80) (1823,1183,143) (0,0,0))
((64,1184,80) (191,1311,143) (0,0,0))
((192,1184,80) (319,1311,143) (0,0,0))
((320,1184,80) (447,1311,143) (0,0,0))
((448,1184,80) (575,1311,143) (0,0,0))
((576,1184,80) (703,1311,143) (0,0,0))
((704,1184,80) (831,1311,143) (0,0,0))
((832,1184,80) (959,1311,143) (0,0,0))
((960,1184,80) (1087,1311,143) (0,0,0))
((1088,1184,80) (1215,1311,143) (0,0,0))
((1216,1184,80) (1343,1311,143) (0,0,0))
((1344,1184,80) (1471,1311,143) (0,0,0))
((1472,1184,80) (1599,1311,143) (0,0,0))
((1600,1184,80) (1727,1311,143) (0,0,0))
((1728,1184,80) (1823,1311,143) (0,0,0))
((64,1312,80) (191,1375,143) (0,0,0))
((192,1312,80) (319,1375,143) (0,0,0))
((320,1312,80) (447,1375,143) (0,0,0))
((448,1312,80) (575,1375,143) (0,0,0))
((576,1312,80) (703,1375,143) (0,0,0))
((704,1312,80) (831,1375,143) (0,0,0))
((832,1312,80) (959,1375,143) (0,0,0))
((960,1312,80) (1087,1375,143) (0,0,0))
((1088,1312,80) (1215,1375,143) (0,0,0))
((1216,1312,80) (1343,1375,143) (0,0,0))
((1344,1312,80) (1471,1375,143) (0,0,0))
((1472,1312,80) (1599,1375,143) (0,0,0))
((1600,1312,80) (1727,1375,143) (0,0,0))
((1728,1312,80) (1823,1375,143) (0,0,0))
)