(116 0
((320,608,0) (447,703,127) (0,0,0))
((448,608,0) (575,703,127) (0,0,0))
((320,704,0) (447,783,127) (0,0,0))
((448,704,0) (575,783,127) (0,0,0))
((320,608,128) (447,703,191) (0,0,0))
((448,608,128) (575,703,191) (0,0,0))
((320,704,128) (447,783,191) (0,0,0))
((448,704,128) (575,783,191) (0,0,0))
((1056,608,0) (1167,735,127) (0,0,0))
((1056,736,0) (1167,847,127) (0,0,0))
((1056,608,128) (1167,735,191) (0,0,0))
((1056,736,128) (1167,847,191) (0,0,0))
((1168,624,0) (1247,751,127) (0,0,0))
((1248,624,0) (1311,751,127) (0,0,0))
((1168,752,0) (1247,863,127) (0,0,0))
((1248,752,0) (1311,863,127) (0,0,0))
((1168,624,128) (1247,751,191) (0,0,0))
((1248,624,128) (1311,751,191) (0,0,0))
((1168,752,128) (1247,863,191) (0,0,0))
((1248,752,128) (1311,863,191) (0,0,0))
((1808,624,0) (1935,751,127) (0,0,0))
((1936,624,0) (2047,751,127) (0,0,0))
((1808,752,0) (1935,863,127) (0,0,0))
((1936,752,0) (2047,863,127) (0,0,0))
((1808,624,128) (1935,751,191) (0,0,0))
((1936,624,128) (2047,751,191) (0,0,0))
((1808,752,128) (1935,863,191) (0,0,0))
((1936,752,128) (2047,863,191) (0,0,0))
((2560,640,0) (2671,751,127) (0,0,0))
((2672,640,0) (2767,751,127) (0,0,0))
((2560,752,0) (2671,847,127) (0,0,0))
((2672,752,0) (2767,847,127) (0,0,0))
((2560,640,128) (2671,751,191) (0,0,0))
((2672,640,128) (2767,751,191) (0,0,0))
((2560,752,128) (2671,847,191) (0,0,0))
((2672,752,128) (2767,847,191) (0,0,0))
((304,784,0) (415,831,127) (0,0,0))
((304,784,128) (415,831,191) (0,0,0))
((416,784,0) (543,863,127) (0,0,0))
((416,784,128) (543,863,191) (0,0,0))
((336,1440,0) (447,1551,127) (0,0,0))
((448,1440,0) (543,1551,127) (0,0,0))
((336,1552,0) (447,1647,127) (0,0,0))
((448,1552,0) (543,1647,127) (0,0,0))
((336,1440,128) (447,1551,191) (0,0,0))
((448,1440,128) (543,1551,191) (0,0,0))
((336,1552,128) (447,1647,191) (0,0,0))
((448,1552,128) (543,1647,191) (0,0,0))
((1072,1440,0) (1183,1551,127) (0,0,0))
((1184,1440,0) (1279,1551,127) (0,0,0))
((1072,1552,0) (1183,1647,127) (0,0,0))
((1184,1552,0) (1279,1647,127) (0,0,0))
((1072,1440,128) (1183,1551,191) (0,0,0))
((1184,1440,128) (1279,1551,191) (0,0,0))
((1072,1552,128) (1183,1647,191) (0,0,0))
((1184,1552,128) (1279,1647,191) (0,0,0))
((1824,1440,0) (1935,1551,127) (0,0,0))
((1936,1440,0) (2031,1551,127) (0,0,0))
((1824,1552,0) (1935,1647,127) (0,0,0))
((1936,1552,0) (2031,1647,127) (0,0,0))
((1824,1440,128) (1935,1551,191) (0,0,0))
((1936,1440,128) (2031,1551,191) (0,0,0))
((1824,1552,128) (1935,1647,191) (0,0,0))
((1936,1552,128) (2031,1647,191) (0,0,0))
((2560,1440,0) (2671,1551,127) (0,0,0))
((2672,1440,0) (2767,1551,127) (0,0,0))
((2560,1552,0) (2671,1647,127) (0,0,0))
((2672,1552,0) (2767,1647,127) (0,0,0))
((2560,1440,128) (2671,1551,191) (0,0,0))
((2672,1440,128) (2767,1551,191) (0,0,0))
((2560,1552,128) (2671,1647,191) (0,0,0))
((2672,1552,128) (2767,1647,191) (0,0,0))
((432,2208,0) (511,2335,127) (0,0,0))
((512,2208,0) (575,2335,127) (0,0,0))
((432,2336,0) (511,2447,127) (0,0,0))
((512,2336,0) (575,2447,127) (0,0,0))
((432,2208,128) (511,2335,191) (0,0,0))
((512,2208,128) (575,2335,191) (0,0,0))
((432,2336,128) (511,2447,191) (0,0,0))
((512,2336,128) (575,2447,191) (0,0,0))
((1056,2208,0) (1183,2319,127) (0,0,0))
((1184,2208,0) (1311,2319,127) (0,0,0))
((1056,2320,0) (1183,2415,127) (0,0,0))
((1184,2320,0) (1311,2415,127) (0,0,0))
((1056,2208,128) (1183,2319,191) (0,0,0))
((1184,2208,128) (1311,2319,191) (0,0,0))
((1056,2320,128) (1183,2415,191) (0,0,0))
((1184,2320,128) (1311,2415,191) (0,0,0))
((368,2224,0) (431,2287,127) (0,0,0))
((368,2224,128) (431,2287,191) (0,0,0))
((1808,2224,0) (1935,2351,127) (0,0,0))
((1936,2224,0) (2047,2351,127) (0,0,0))
((1808,2352,0) (1935,2463,127) (0,0,0))
((1936,2352,0) (2047,2463,127) (0,0,0))
((1808,2224,128) (1935,2351,191) (0,0,0))
((1936,2224,128) (2047,2351,191) (0,0,0))
((1808,2352,128) (1935,2463,191) (0,0,0))
((1936,2352,128) (2047,2463,191) (0,0,0))
((2560,2240,0) (2671,2351,127) (0,0,0))
((2672,2240,0) (2767,2351,127) (0,0,0))
((2560,2352,0) (2671,2447,127) (0,0,0))
((2672,2352,0) (2767,2447,127) (0,0,0))
((2560,2240,128) (2671,2351,191) (0,0,0))
((2672,2240,128) (2767,2351,191) (0,0,0))
((2560,2352,128) (2671,2447,191) (0,0,0))
((2672,2352,128) (2767,2447,191) (0,0,0))
((304,2256,0) (367,2287,127) (0,0,0))
((304,2256,128) (367,2287,191) (0,0,0))
((320,2288,0) (431,2383,127) (0,0,0))
((320,2384,0) (431,2463,127) (0,0,0))
((320,2288,128) (431,2383,191) (0,0,0))
((320,2384,128) (431,2463,191) (0,0,0))
((1104,2416,0) (1199,2463,127) (0,0,0))
((1200,2416,0) (1263,2463,127) (0,0,0))
((1104,2416,128) (1199,2463,191) (0,0,0))
((1200,2416,128) (1263,2463,191) (0,0,0))
)