(280
24
24
24
24
27
27
27
27
3
4
4
4
6
21
25
25
26
26
28
28
29
29
4
5
5
6
21
21
25
25
26
26
28
28
29
29
5
5
6
6
21
21
16
16
16
30
0
1
1
2
7
7
8
8
17
17
16
16
30
30
1
1
2
2
7
7
8
8
17
17
30
31
31
0
2
18
18
3
9
9
10
10
17
23
31
31
0
0
18
18
3
3
9
9
10
10
23
23
23
23
11
11
15
15
19
19
12
12
13
13
20
20
11
11
22
22
15
15
19
19
13
13
14
14
20
20
22
22
22
22
12
12
12
12
14
14
14
14
20
20
24
24
24
24
27
27
27
27
3
4
4
4
6
21
25
25
26
26
28
28
29
29
4
5
5
6
21
21
25
25
26
26
28
28
29
29
5
5
6
6
21
21
16
16
30
30
1
1
2
2
7
7
8
8
17
17
16
16
30
30
1
1
2
2
7
7
8
8
17
17
31
31
0
0
18
18
18
3
9
9
10
10
17
23
31
31
0
0
18
18
3
3
9
9
10
10
23
23
23
11
11
22
15
15
19
19
12
12
13
13
20
20
11
11
22
22
15
19
19
19
13
13
14
14
20
20
22
22
22
15
12
12
12
12
14
14
14
14
20
20
)